217,490 -> 217,764
44,270 -> 373,599
440,139 -> 440,303
161,663 -> 345,663
848,963 -> 908,963
299,207 -> 162,70
77,346 -> 77,686
693,743 -> 693,127
96,459 -> 96,779
864,39 -> 233,670
58,79 -> 203,79
158,596 -> 463,291
633,293 -> 136,293
656,474 -> 656,72
148,754 -> 947,754
535,780 -> 535,460
821,701 -> 821,796
592,200 -> 592,610
620,786 -> 722,786
632,731 -> 536,731
825,640 -> 195,10
956,547 -> 956,387
25,32 -> 981,988
870,613 -> 870,16
369,780 -> 369,362
348,924 -> 243,924
28,114 -> 540,114
702,690 -> 702,335
836,442 -> 184,442
